"year","sex","age","deaths"
2010,"male",0,238.943435160735
2010,"male",1,74.7336855015798
2010,"male",5,39.5954935264632
2010,"male",10,56.4643325178199
2010,"male",15,289.058878062186
2010,"male",20,478.931304839996
2010,"male",25,490.04047092772
2010,"male",30,517.702808408357
2010,"male",35,518.432687004063
2010,"male",40,421.828353796198
2010,"male",45,406.334572838163
2010,"male",50,446.258928717961
2010,"male",55,490.979294473771
2010,"male",60,586.293015457085
2010,"male",65,697.543033354664
2010,"male",70,835.549484892705
2010,"male",75,870.017457569286
2010,"male",80,807.470521181945
2010,"male",85,747.822241769304
2019,"male",0,275.053036865934
2019,"male",1,44.7845428069044
2019,"male",5,27.444041545657
2019,"male",10,36.5876338141622
2019,"male",15,158.76307061701
2019,"male",20,327.994694445157
2019,"male",25,336.755587466746
2019,"male",30,353.479045738582
2019,"male",35,350.030796081975
2019,"male",40,411.481316620104
2019,"male",45,445.211214286789
2019,"male",50,493.012670122865
2019,"male",55,598.24799123157
2019,"male",60,752.496746254939
2019,"male",65,863.765893421988
2019,"male",70,936.571726543537
2019,"male",75,1040.33617456805
2019,"male",80,1013.4428523111
2019,"male",85,120.540965256919
2021,"male",0,226.398648648649
2021,"male",1,34.8305613305613
2021,"male",5,22.537422037422
2021,"male",10,45.0748440748441
2021,"male",15,169.030665280665
2021,"male",20,331.914760914761
2021,"male",25,362.647609147609
2021,"male",30,427.18659043659
2021,"male",35,496.847713097713
2021,"male",40,585.972972972973
2021,"male",45,801.102910602911
2021,"male",50,835.933471933472
2021,"male",55,1010.08627858628
2021,"male",60,55.3191268191268
2021,"male",65,65.5634095634096
2021,"male",70,70.6855509355509
2021,"male",75,87.0764033264033
2021,"male",80,110.638253638254
2021,"male",85,174.152806652807
2010,"female",0,193.541489112845
2010,"female",1,53.9074738698943
2010,"female",5,24.1086479001149
2010,"female",10,24.7780259230071
2010,"female",15,65.3054570623214
2010,"female",20,67.9852046564835
2010,"female",25,77.3683669771719
2010,"female",30,91.4245734604536
2010,"female",35,106.159733047708
2010,"female",40,124.572465731555
2010,"female",45,180.15642142761
2010,"female",50,214.998402671673
2010,"female",55,283.982045994997
2010,"female",60,395.188515082239
2010,"female",65,464.824107228852
2010,"female",70,560.64293376159
2010,"female",75,626.257648328691
2010,"female",80,694.939531968203
2010,"female",85,114.192289127923
2019,"female",0,192.81141207019
2019,"female",1,32.5497661297689
2019,"female",5,18.0281252935623
2019,"female",10,19.0304626358537
2019,"female",15,42.0698976985031
2019,"female",20,59.5955350226254
2019,"female",25,65.5990046900193
2019,"female",30,70.1127267404738
2019,"female",35,104.161287104057
2019,"female",40,141.221382802952
2019,"female",45,192.300631368614
2019,"female",50,250.891944337099
2019,"female",55,360.066802864462
2019,"female",60,483.765563882251
2019,"female",65,562.896311164389
2019,"female",70,665.061216315999
2019,"female",75,759.201768593731
2019,"female",80,896.428125837571
2019,"female",85,129.208035447878
2021,"female",0,153.250306748466
2021,"female",1,37.0605316973415
2021,"female",5,21.0343558282209
2021,"female",10,18.0294478527607
2021,"female",15,44.0719836400818
2021,"female",20,74.121063394683
2021,"female",25,122.199591002045
2021,"female",30,148.242126789366
2021,"female",35,246.40245398773
2021,"female",40,272.444989775051
2021,"female",45,470.768916155419
2021,"female",50,494.8081799591
2021,"female",55,633.033946830266
2021,"female",60,779.272801635992
2021,"female",65,931.521472392638
2021,"female",70,94.1537832310838
2021,"female",75,88.1439672801636
2021,"female",80,105.171779141104
2021,"female",85,164.268302658487
